5 117.5 6.8 12.5 4.5 140.5 7.5 17.5 4.5 166.5 9.0 22.5 4.5 209.5 10.0 30.0 5.5 264.5 11.5 40.0 6.5
10 235.0 13.5 25.0 9.0 281.0 15.0 35.0 9.0 333.0 18.0 45.0 9.0 419.0 20.0 60.0 11.0 529.0 23.0 80.0 13.0
15 352.5 20.3 37.5 13.5 421.5 22.5 52.5 13.5 499.5 27.0 67.5 13.5 628.5 30.0 90.0 16.5 793.5 34.5 120.0 19.5
20 470.0 27.0 50.0 18.0 562.0 30.0 70.0 18.0 666.0 36.0 90.0 18.0 838.0 40.0 120.0 22.0 1058.0 46.0 160.0 26.0
25 587.5 33.8 62.5 22.5 702.5 37.5 87.5 22.5 832.5 45.0 112.5 22.5 1047.5 50.0 150.0 27.5 1322.5 57.5 200.0 32.5
30 705.0 40.5 75.0 27.0 843.0 45.0 105.0 27.0 999.0 54.0 135.0 27.0 1257.0 60.0 180.0 33.0 1587.0 69.0 240.0 39.0
35 822.5 47.3 87.5 31.5 983.5 52.5 122.5 31.5 1165.5 63.0 157.5 31.5 1466.5 70.0 210.0 38.5 1851.5 80.5 280.0 45.5
40 940.0 54.0 100.0 36.0 1124.0 60.0 140.0 36.0 1332.0 72.0 180.0 36.0 1676.0 80.0 240.0 44.0 2116.0 92.0 320.0 52.0
45 1057.5 60.8 112.5 40.5 1264.5 67.5 157.5 40.5 1498.5 81.0 202.5 40.5 1885.5 90.0 270.0 49.5 2380.5 103.5 360.0 58.5
50 1175.0 67.5 125.0 45.0 1405.0 75.0 175.0 45.0 1665.0 90.0 225.0 45.0 2095.0 100.0 300.0 55.0 2645.0 115.0 400.0 65.0
55 1292.5 74.3 137.5 49.5 1545.5 82.5 192.5 49.5 1831.5 99.0 247.5 49.5 2304.5 110.0 330.0 60.5 2909.5 126.5 440.0 71.5
60 1410.0 81.0 150.0 54.0 1686.0 90.0 210.0 54.0 1998.0 108.0 270.0 54.0 2514.0 120.0 360.0 66.0 3174.0 138.0 480.0 78.0
65 1527.5 87.8 162.5 58.5 1826.5 97.5 227.5 58.5 2164.5 117.0 292.5 58.5 2723.5 130.0 390.0 71.5 3438.5 149.5 520.0 84.5
70 1645.0 94.5 175.0 63.0 1967.0 105.0 245.0 63.0 2331.0 126.0 315.0 63.0 2933.0 140.0 420.0 77.0 3703.0 161.0 560.0 91.0
75 1762.5 101.3 187.5 67.5 2107.5 112.5 262.5 67.5 2497.5 135.0 337.5 67.5 3142.5 150.0 450.0 82.5 3967.5 172.5 600.0 97.5
80 1880.0 108.0 200.0 72.0 2248.0 120.0 280.0 72.0 2664.0 144.0 360.0 72.0 3352.0 160.0 480.0 88.0 4232.0 184.0 640.0 104.0
85 1997.5 114.8 212.5 76.5 2388.5 127.5 297.5 76.5 2830.5 153.0 382.5 76.5 3561.5 170.0 510.0 93.5 4496.5 195.5 680.0 110.5
90 2115.0 121.5 225.0 81.0 2529.0 135.0 315.0 81.0 2997.0 162.0 405.0 81.0 3771.0 180.0 540.0 99.0 4761.0 207.0 720.0 117.0
95 2232.5 128.3 237.5 85.5 2669.5 142.5 332.5 85.5 3163.5 171.0 427.5 85.5 3980.5 190.0 570.0 104.5 5025.5 218.5 760.0 123.5
100 2350.0 135.0 250.0 90.0 2810.0 150.0 350.0 90.0 3330.0 180.0 450.0 90.0 4190.0 200.0 600.0 110.0 5290.0 230.0 800.0 130.0
105 2467.5 141.8 262.5 94.5 2950.5 157.5 367.5 94.5 3496.5 189.0 472.5 94.5 4400.5 210.0 630.0 115.5 5554.5 241.5 840.0 136.5
110 2585.0 148.5 275.0 99.0 3091.0 165.0 385.0 99.0 3663.0 198.0 495.0 99.0 4609.0 220.0 660.0 121.0 5819.0 253.0 880.0 143.0
115 2702.5 155.3 287.5 103.5 3231.5 172.5 402.5 103.5 3829.5 207.0 517.5 103.5 4818.5 230.0 690.0 126.5 6083.5 264.5 920.0 149.5
120 2820.0 162.0 300.0 108.0 3372.0 180.0 420.0 108.0 3996.0 216.0 540.0 108.0 5028.0 240.0 720.0 132.0 6348.0 276.0 960.0 156.0
125 2937.5 168.8 312.5 112.5 3512.5 187.5 437.5 112.5 4162.5 225.0 562.5 112.5 5237.5 250.0 750.0 137.5 6612.5 287.5 1000.0 162.5
130 3055.0 175.5 325.0 117.0 3653.0 195.0 455.0 117.0 4329.0 234.0 585.0 117.0 5447.0 260.0 780.0 143.0 6877.0 299.0 1040.0 169.0
